 m=           1
  0.000000  0.000000  0.000000  0.000000  0.000000  0.000000  0.000000  0.000000  0.000000
  0.000000  0.000000  0.000000  0.000000  0.000000  0.000000  0.000000  0.000000  0.000000
  0.000000  0.000000  0.000000  0.000000  0.000000  0.000000  0.000000  0.000000  0.000000
  0.000000  0.000000  0.000000  0.000000  0.000000  0.000000  0.000000  0.000000  0.000000
  0.000000  0.000000  0.000000  0.000000  0.000000  0.000000  0.000000  0.000000  0.000000
  0.000000  0.000000  0.000000  0.000000  0.000000  0.000000  0.000000  0.000000  0.000000
  0.000000  0.000000  0.000000  0.000000  0.000000  0.000000  0.000000  0.000000  0.000000
  0.000000  0.000000  0.000000  0.000000  0.000000  0.000000  0.000000  0.000000  0.000000
  0.000000  0.000000  0.000000  0.000000  0.000000  0.000000  0.000000  0.000000  0.000000
 m=           2
  0.000000  0.000000  0.000000  0.000000  0.000000  0.000000  0.000000  0.000000  0.000000
  0.000000  0.000000  0.000000  0.000000  0.000000  0.000000  0.000000  0.000000  0.000000
  0.000000  0.000000  0.000000  0.000000  0.000000  0.000000  0.000000  0.000000  0.000000
  0.000000  0.000000  0.000000  0.000000  0.000000  0.000000  0.000000  0.000000  0.000000
  0.000000  0.000000  0.000000  0.000000  0.000000  0.000000  0.000000  0.000000  0.000000
  0.000000  0.000000  0.000000  0.000000  0.000000  0.000000  0.000000  0.000000  0.000000
  0.000000  0.000000  0.000000  0.000000  0.000000  0.000000  0.000000  0.000000  0.000000
  0.000000  0.000000  0.000000  0.000000  0.000000  0.000000  0.000000  0.000000  0.000000
  0.000000  0.000000  0.000000  0.000000  0.000000  0.000000  0.000000  0.000000  0.000000
 m=           3
 -0.017805  0.000000  0.000000 -0.000000 -0.000000  0.000000  0.000000 -0.000000 -0.000000
  0.000000 -0.032913 -0.000000  0.000000  0.000000  0.000000  0.000000 -0.000000  0.000000
  0.000000 -0.000000 -0.032913  0.000000 -0.000000  0.000000  0.000000 -0.000000  0.000000
  0.000000  0.000000 -0.000000 -0.032913 -0.000000 -0.000000  0.000000 -0.000000  0.000000
  0.000000  0.000000 -0.000000 -0.000000 -0.118831 -0.000000  0.000000  0.000000 -0.000000
  0.000000  0.000000  0.000000 -0.000000 -0.000000 -0.118831 -0.000000  0.000000 -0.000000
 -0.000000  0.000000 -0.000000 -0.000000  0.000000 -0.000000 -0.118831 -0.000000 -0.000000
  0.000000 -0.000000 -0.000000 -0.000000 -0.000000  0.000000 -0.000000 -0.117095  0.000000
 -0.000000  0.000000 -0.000000  0.000000 -0.000000  0.000000  0.000000 -0.000000 -0.117095
 m=           1
  0.000000  0.000000  0.000000  0.000000  0.000000  0.000000  0.000000  0.000000  0.000000
  0.000000  0.000000  0.000000  0.000000  0.000000  0.000000  0.000000  0.000000  0.000000
  0.000000  0.000000  0.000000  0.000000  0.000000  0.000000  0.000000  0.000000  0.000000
  0.000000  0.000000  0.000000  0.000000  0.000000  0.000000  0.000000  0.000000  0.000000
  0.000000  0.000000  0.000000  0.000000  0.000000  0.000000  0.000000  0.000000  0.000000
  0.000000  0.000000  0.000000  0.000000  0.000000  0.000000  0.000000  0.000000  0.000000
  0.000000  0.000000  0.000000  0.000000  0.000000  0.000000  0.000000  0.000000  0.000000
  0.000000  0.000000  0.000000  0.000000  0.000000  0.000000  0.000000  0.000000  0.000000
  0.000000  0.000000  0.000000  0.000000  0.000000  0.000000  0.000000  0.000000  0.000000
 m=           2
  0.000000  0.000000  0.000000  0.000000  0.000000  0.000000  0.000000  0.000000  0.000000
  0.000000  0.000000  0.000000  0.000000  0.000000  0.000000  0.000000  0.000000  0.000000
  0.000000  0.000000  0.000000  0.000000  0.000000  0.000000  0.000000  0.000000  0.000000
  0.000000  0.000000  0.000000  0.000000  0.000000  0.000000  0.000000  0.000000  0.000000
  0.000000  0.000000  0.000000  0.000000  0.000000  0.000000  0.000000  0.000000  0.000000
  0.000000  0.000000  0.000000  0.000000  0.000000  0.000000  0.000000  0.000000  0.000000
  0.000000  0.000000  0.000000  0.000000  0.000000  0.000000  0.000000  0.000000  0.000000
  0.000000  0.000000  0.000000  0.000000  0.000000  0.000000  0.000000  0.000000  0.000000
  0.000000  0.000000  0.000000  0.000000  0.000000  0.000000  0.000000  0.000000  0.000000
 m=           3
 -0.017805  0.000000  0.000000 -0.000000 -0.000000  0.000000  0.000000 -0.000000 -0.000000
  0.000000 -0.032913 -0.000000  0.000000  0.000000  0.000000  0.000000 -0.000000  0.000000
  0.000000 -0.000000 -0.032913  0.000000 -0.000000  0.000000  0.000000 -0.000000  0.000000
  0.000000  0.000000 -0.000000 -0.032913 -0.000000 -0.000000  0.000000 -0.000000  0.000000
  0.000000  0.000000 -0.000000 -0.000000 -0.118831 -0.000000  0.000000  0.000000 -0.000000
  0.000000  0.000000  0.000000 -0.000000 -0.000000 -0.118831 -0.000000  0.000000 -0.000000
 -0.000000  0.000000 -0.000000 -0.000000  0.000000 -0.000000 -0.118831 -0.000000 -0.000000
  0.000000 -0.000000 -0.000000 -0.000000 -0.000000  0.000000 -0.000000 -0.117095  0.000000
 -0.000000  0.000000 -0.000000  0.000000 -0.000000  0.000000  0.000000 -0.000000 -0.117095
 m=           1
  0.000000  0.000000  0.000000  0.000000  0.000000  0.000000  0.000000  0.000000  0.000000
  0.000000  0.000000  0.000000  0.000000  0.000000  0.000000  0.000000  0.000000  0.000000
  0.000000  0.000000  0.000000  0.000000  0.000000  0.000000  0.000000  0.000000  0.000000
  0.000000  0.000000  0.000000  0.000000  0.000000  0.000000  0.000000  0.000000  0.000000
  0.000000  0.000000  0.000000  0.000000  0.000000  0.000000  0.000000  0.000000  0.000000
  0.000000  0.000000  0.000000  0.000000  0.000000  0.000000  0.000000  0.000000  0.000000
  0.000000  0.000000  0.000000  0.000000  0.000000  0.000000  0.000000  0.000000  0.000000
  0.000000  0.000000  0.000000  0.000000  0.000000  0.000000  0.000000  0.000000  0.000000
  0.000000  0.000000  0.000000  0.000000  0.000000  0.000000  0.000000  0.000000  0.000000
 m=           2
  0.000000  0.000000  0.000000  0.000000  0.000000  0.000000  0.000000  0.000000  0.000000
  0.000000  0.000000  0.000000  0.000000  0.000000  0.000000  0.000000  0.000000  0.000000
  0.000000  0.000000  0.000000  0.000000  0.000000  0.000000  0.000000  0.000000  0.000000
  0.000000  0.000000  0.000000  0.000000  0.000000  0.000000  0.000000  0.000000  0.000000
  0.000000  0.000000  0.000000  0.000000  0.000000  0.000000  0.000000  0.000000  0.000000
  0.000000  0.000000  0.000000  0.000000  0.000000  0.000000  0.000000  0.000000  0.000000
  0.000000  0.000000  0.000000  0.000000  0.000000  0.000000  0.000000  0.000000  0.000000
  0.000000  0.000000  0.000000  0.000000  0.000000  0.000000  0.000000  0.000000  0.000000
  0.000000  0.000000  0.000000  0.000000  0.000000  0.000000  0.000000  0.000000  0.000000
 m=           3
 -0.017805  0.000000  0.000000 -0.000000 -0.000000  0.000000  0.000000 -0.000000 -0.000000
  0.000000 -0.032913 -0.000000  0.000000  0.000000  0.000000  0.000000 -0.000000  0.000000
  0.000000 -0.000000 -0.032913  0.000000 -0.000000  0.000000  0.000000 -0.000000  0.000000
  0.000000  0.000000 -0.000000 -0.032913 -0.000000 -0.000000  0.000000 -0.000000  0.000000
  0.000000  0.000000 -0.000000 -0.000000 -0.118831 -0.000000  0.000000  0.000000 -0.000000
  0.000000  0.000000  0.000000 -0.000000 -0.000000 -0.118831 -0.000000  0.000000 -0.000000
 -0.000000  0.000000 -0.000000 -0.000000  0.000000 -0.000000 -0.118831 -0.000000 -0.000000
  0.000000 -0.000000 -0.000000 -0.000000 -0.000000  0.000000 -0.000000 -0.117095  0.000000
 -0.000000  0.000000 -0.000000  0.000000 -0.000000  0.000000  0.000000 -0.000000 -0.117095
 m=           1
  0.000000  0.000000  0.000000  0.000000  0.000000  0.000000  0.000000  0.000000  0.000000
  0.000000  0.000000  0.000000  0.000000  0.000000  0.000000  0.000000  0.000000  0.000000
  0.000000  0.000000  0.000000  0.000000  0.000000  0.000000  0.000000  0.000000  0.000000
  0.000000  0.000000  0.000000  0.000000  0.000000  0.000000  0.000000  0.000000  0.000000
  0.000000  0.000000  0.000000  0.000000  0.000000  0.000000  0.000000  0.000000  0.000000
  0.000000  0.000000  0.000000  0.000000  0.000000  0.000000  0.000000  0.000000  0.000000
  0.000000  0.000000  0.000000  0.000000  0.000000  0.000000  0.000000  0.000000  0.000000
  0.000000  0.000000  0.000000  0.000000  0.000000  0.000000  0.000000  0.000000  0.000000
  0.000000  0.000000  0.000000  0.000000  0.000000  0.000000  0.000000  0.000000  0.000000
 m=           2
  0.000000  0.000000  0.000000  0.000000  0.000000  0.000000  0.000000  0.000000  0.000000
  0.000000  0.000000  0.000000  0.000000  0.000000  0.000000  0.000000  0.000000  0.000000
  0.000000  0.000000  0.000000  0.000000  0.000000  0.000000  0.000000  0.000000  0.000000
  0.000000  0.000000  0.000000  0.000000  0.000000  0.000000  0.000000  0.000000  0.000000
  0.000000  0.000000  0.000000  0.000000  0.000000  0.000000  0.000000  0.000000  0.000000
  0.000000  0.000000  0.000000  0.000000  0.000000  0.000000  0.000000  0.000000  0.000000
  0.000000  0.000000  0.000000  0.000000  0.000000  0.000000  0.000000  0.000000  0.000000
  0.000000  0.000000  0.000000  0.000000  0.000000  0.000000  0.000000  0.000000  0.000000
  0.000000  0.000000  0.000000  0.000000  0.000000  0.000000  0.000000  0.000000  0.000000
 m=           3
 -0.017805  0.000000  0.000000 -0.000000 -0.000000  0.000000  0.000000 -0.000000 -0.000000
  0.000000 -0.032913 -0.000000  0.000000  0.000000  0.000000  0.000000 -0.000000  0.000000
  0.000000 -0.000000 -0.032913  0.000000 -0.000000  0.000000  0.000000 -0.000000  0.000000
  0.000000  0.000000 -0.000000 -0.032913 -0.000000 -0.000000  0.000000 -0.000000  0.000000
  0.000000  0.000000 -0.000000 -0.000000 -0.118831 -0.000000  0.000000  0.000000 -0.000000
  0.000000  0.000000  0.000000 -0.000000 -0.000000 -0.118831 -0.000000  0.000000 -0.000000
 -0.000000  0.000000 -0.000000 -0.000000  0.000000 -0.000000 -0.118831 -0.000000 -0.000000
  0.000000 -0.000000 -0.000000 -0.000000 -0.000000  0.000000 -0.000000 -0.117095  0.000000
 -0.000000  0.000000 -0.000000  0.000000 -0.000000  0.000000  0.000000 -0.000000 -0.117095
 m=           1
  0.000000  0.000000  0.000000  0.000000  0.000000  0.000000  0.000000  0.000000  0.000000
  0.000000  0.000000  0.000000  0.000000  0.000000  0.000000  0.000000  0.000000  0.000000
  0.000000  0.000000  0.000000  0.000000  0.000000  0.000000  0.000000  0.000000  0.000000
  0.000000  0.000000  0.000000  0.000000  0.000000  0.000000  0.000000  0.000000  0.000000
  0.000000  0.000000  0.000000  0.000000  0.000000  0.000000  0.000000  0.000000  0.000000
  0.000000  0.000000  0.000000  0.000000  0.000000  0.000000  0.000000  0.000000  0.000000
  0.000000  0.000000  0.000000  0.000000  0.000000  0.000000  0.000000  0.000000  0.000000
  0.000000  0.000000  0.000000  0.000000  0.000000  0.000000  0.000000  0.000000  0.000000
  0.000000  0.000000  0.000000  0.000000  0.000000  0.000000  0.000000  0.000000  0.000000
 m=           2
  0.000000  0.000000  0.000000  0.000000  0.000000  0.000000  0.000000  0.000000  0.000000
  0.000000  0.000000  0.000000  0.000000  0.000000  0.000000  0.000000  0.000000  0.000000
  0.000000  0.000000  0.000000  0.000000  0.000000  0.000000  0.000000  0.000000  0.000000
  0.000000  0.000000  0.000000  0.000000  0.000000  0.000000  0.000000  0.000000  0.000000
  0.000000  0.000000  0.000000  0.000000  0.000000  0.000000  0.000000  0.000000  0.000000
  0.000000  0.000000  0.000000  0.000000  0.000000  0.000000  0.000000  0.000000  0.000000
  0.000000  0.000000  0.000000  0.000000  0.000000  0.000000  0.000000  0.000000  0.000000
  0.000000  0.000000  0.000000  0.000000  0.000000  0.000000  0.000000  0.000000  0.000000
  0.000000  0.000000  0.000000  0.000000  0.000000  0.000000  0.000000  0.000000  0.000000
 m=           3
 -0.017805  0.000000  0.000000 -0.000000 -0.000000  0.000000  0.000000 -0.000000 -0.000000
  0.000000 -0.032913 -0.000000  0.000000  0.000000  0.000000  0.000000 -0.000000  0.000000
  0.000000 -0.000000 -0.032913  0.000000 -0.000000  0.000000  0.000000 -0.000000  0.000000
  0.000000  0.000000 -0.000000 -0.032913 -0.000000 -0.000000  0.000000 -0.000000  0.000000
  0.000000  0.000000 -0.000000 -0.000000 -0.118831 -0.000000  0.000000  0.000000 -0.000000
  0.000000  0.000000  0.000000 -0.000000 -0.000000 -0.118831 -0.000000  0.000000 -0.000000
 -0.000000  0.000000 -0.000000 -0.000000  0.000000 -0.000000 -0.118831 -0.000000 -0.000000
  0.000000 -0.000000 -0.000000 -0.000000 -0.000000  0.000000 -0.000000 -0.117095  0.000000
 -0.000000  0.000000 -0.000000  0.000000 -0.000000  0.000000  0.000000 -0.000000 -0.117095
 m=           1
  0.000000  0.000000  0.000000  0.000000  0.000000  0.000000  0.000000  0.000000  0.000000
  0.000000  0.000000  0.000000  0.000000  0.000000  0.000000  0.000000  0.000000  0.000000
  0.000000  0.000000  0.000000  0.000000  0.000000  0.000000  0.000000  0.000000  0.000000
  0.000000  0.000000  0.000000  0.000000  0.000000  0.000000  0.000000  0.000000  0.000000
  0.000000  0.000000  0.000000  0.000000  0.000000  0.000000  0.000000  0.000000  0.000000
  0.000000  0.000000  0.000000  0.000000  0.000000  0.000000  0.000000  0.000000  0.000000
  0.000000  0.000000  0.000000  0.000000  0.000000  0.000000  0.000000  0.000000  0.000000
  0.000000  0.000000  0.000000  0.000000  0.000000  0.000000  0.000000  0.000000  0.000000
  0.000000  0.000000  0.000000  0.000000  0.000000  0.000000  0.000000  0.000000  0.000000
 m=           2
  0.000000  0.000000  0.000000  0.000000  0.000000  0.000000  0.000000  0.000000  0.000000
  0.000000  0.000000  0.000000  0.000000  0.000000  0.000000  0.000000  0.000000  0.000000
  0.000000  0.000000  0.000000  0.000000  0.000000  0.000000  0.000000  0.000000  0.000000
  0.000000  0.000000  0.000000  0.000000  0.000000  0.000000  0.000000  0.000000  0.000000
  0.000000  0.000000  0.000000  0.000000  0.000000  0.000000  0.000000  0.000000  0.000000
  0.000000  0.000000  0.000000  0.000000  0.000000  0.000000  0.000000  0.000000  0.000000
  0.000000  0.000000  0.000000  0.000000  0.000000  0.000000  0.000000  0.000000  0.000000
  0.000000  0.000000  0.000000  0.000000  0.000000  0.000000  0.000000  0.000000  0.000000
  0.000000  0.000000  0.000000  0.000000  0.000000  0.000000  0.000000  0.000000  0.000000
 m=           3
 -0.017805  0.000000  0.000000 -0.000000 -0.000000  0.000000  0.000000 -0.000000 -0.000000
  0.000000 -0.032913 -0.000000  0.000000  0.000000  0.000000  0.000000 -0.000000  0.000000
  0.000000 -0.000000 -0.032913  0.000000 -0.000000  0.000000  0.000000 -0.000000  0.000000
  0.000000  0.000000 -0.000000 -0.032913 -0.000000 -0.000000  0.000000 -0.000000  0.000000
  0.000000  0.000000 -0.000000 -0.000000 -0.118831 -0.000000  0.000000  0.000000 -0.000000
  0.000000  0.000000  0.000000 -0.000000 -0.000000 -0.118831 -0.000000  0.000000 -0.000000
 -0.000000  0.000000 -0.000000 -0.000000  0.000000 -0.000000 -0.118831 -0.000000 -0.000000
  0.000000 -0.000000 -0.000000 -0.000000 -0.000000  0.000000 -0.000000 -0.117095  0.000000
 -0.000000  0.000000 -0.000000  0.000000 -0.000000  0.000000  0.000000 -0.000000 -0.117095
 m=           1
  0.000000  0.000000  0.000000  0.000000  0.000000  0.000000  0.000000  0.000000  0.000000
  0.000000  0.000000  0.000000  0.000000  0.000000  0.000000  0.000000  0.000000  0.000000
  0.000000  0.000000  0.000000  0.000000  0.000000  0.000000  0.000000  0.000000  0.000000
  0.000000  0.000000  0.000000  0.000000  0.000000  0.000000  0.000000  0.000000  0.000000
  0.000000  0.000000  0.000000  0.000000  0.000000  0.000000  0.000000  0.000000  0.000000
  0.000000  0.000000  0.000000  0.000000  0.000000  0.000000  0.000000  0.000000  0.000000
  0.000000  0.000000  0.000000  0.000000  0.000000  0.000000  0.000000  0.000000  0.000000
  0.000000  0.000000  0.000000  0.000000  0.000000  0.000000  0.000000  0.000000  0.000000
  0.000000  0.000000  0.000000  0.000000  0.000000  0.000000  0.000000  0.000000  0.000000
 m=           2
  0.000000  0.000000  0.000000  0.000000  0.000000  0.000000  0.000000  0.000000  0.000000
  0.000000  0.000000  0.000000  0.000000  0.000000  0.000000  0.000000  0.000000  0.000000
  0.000000  0.000000  0.000000  0.000000  0.000000  0.000000  0.000000  0.000000  0.000000
  0.000000  0.000000  0.000000  0.000000  0.000000  0.000000  0.000000  0.000000  0.000000
  0.000000  0.000000  0.000000  0.000000  0.000000  0.000000  0.000000  0.000000  0.000000
  0.000000  0.000000  0.000000  0.000000  0.000000  0.000000  0.000000  0.000000  0.000000
  0.000000  0.000000  0.000000  0.000000  0.000000  0.000000  0.000000  0.000000  0.000000
  0.000000  0.000000  0.000000  0.000000  0.000000  0.000000  0.000000  0.000000  0.000000
  0.000000  0.000000  0.000000  0.000000  0.000000  0.000000  0.000000  0.000000  0.000000
 m=           3
 -0.017805  0.000000  0.000000 -0.000000 -0.000000  0.000000  0.000000 -0.000000 -0.000000
  0.000000 -0.032913 -0.000000  0.000000  0.000000  0.000000  0.000000 -0.000000  0.000000
  0.000000 -0.000000 -0.032913  0.000000 -0.000000  0.000000  0.000000 -0.000000  0.000000
  0.000000  0.000000 -0.000000 -0.032913 -0.000000 -0.000000  0.000000 -0.000000  0.000000
  0.000000  0.000000 -0.000000 -0.000000 -0.118831 -0.000000  0.000000  0.000000 -0.000000
  0.000000  0.000000  0.000000 -0.000000 -0.000000 -0.118831 -0.000000  0.000000 -0.000000
 -0.000000  0.000000 -0.000000 -0.000000  0.000000 -0.000000 -0.118831 -0.000000 -0.000000
  0.000000 -0.000000 -0.000000 -0.000000 -0.000000  0.000000 -0.000000 -0.117095  0.000000
 -0.000000  0.000000 -0.000000  0.000000 -0.000000  0.000000  0.000000 -0.000000 -0.117095
 m=           1
  0.000000  0.000000  0.000000  0.000000  0.000000  0.000000  0.000000  0.000000  0.000000
  0.000000  0.000000  0.000000  0.000000  0.000000  0.000000  0.000000  0.000000  0.000000
  0.000000  0.000000  0.000000  0.000000  0.000000  0.000000  0.000000  0.000000  0.000000
  0.000000  0.000000  0.000000  0.000000  0.000000  0.000000  0.000000  0.000000  0.000000
  0.000000  0.000000  0.000000  0.000000  0.000000  0.000000  0.000000  0.000000  0.000000
  0.000000  0.000000  0.000000  0.000000  0.000000  0.000000  0.000000  0.000000  0.000000
  0.000000  0.000000  0.000000  0.000000  0.000000  0.000000  0.000000  0.000000  0.000000
  0.000000  0.000000  0.000000  0.000000  0.000000  0.000000  0.000000  0.000000  0.000000
  0.000000  0.000000  0.000000  0.000000  0.000000  0.000000  0.000000  0.000000  0.000000
 m=           2
  0.000000  0.000000  0.000000  0.000000  0.000000  0.000000  0.000000  0.000000  0.000000
  0.000000  0.000000  0.000000  0.000000  0.000000  0.000000  0.000000  0.000000  0.000000
  0.000000  0.000000  0.000000  0.000000  0.000000  0.000000  0.000000  0.000000  0.000000
  0.000000  0.000000  0.000000  0.000000  0.000000  0.000000  0.000000  0.000000  0.000000
  0.000000  0.000000  0.000000  0.000000  0.000000  0.000000  0.000000  0.000000  0.000000
  0.000000  0.000000  0.000000  0.000000  0.000000  0.000000  0.000000  0.000000  0.000000
  0.000000  0.000000  0.000000  0.000000  0.000000  0.000000  0.000000  0.000000  0.000000
  0.000000  0.000000  0.000000  0.000000  0.000000  0.000000  0.000000  0.000000  0.000000
  0.000000  0.000000  0.000000  0.000000  0.000000  0.000000  0.000000  0.000000  0.000000
 m=           3
 -0.017805  0.000000  0.000000 -0.000000 -0.000000  0.000000  0.000000 -0.000000 -0.000000
  0.000000 -0.032913 -0.000000  0.000000  0.000000  0.000000  0.000000 -0.000000  0.000000
  0.000000 -0.000000 -0.032913  0.000000 -0.000000  0.000000  0.000000 -0.000000  0.000000
  0.000000  0.000000 -0.000000 -0.032913 -0.000000 -0.000000  0.000000 -0.000000  0.000000
  0.000000  0.000000 -0.000000 -0.000000 -0.118831 -0.000000  0.000000  0.000000 -0.000000
  0.000000  0.000000  0.000000 -0.000000 -0.000000 -0.118831 -0.000000  0.000000 -0.000000
 -0.000000  0.000000 -0.000000 -0.000000  0.000000 -0.000000 -0.118831 -0.000000 -0.000000
  0.000000 -0.000000 -0.000000 -0.000000 -0.000000  0.000000 -0.000000 -0.117095  0.000000
 -0.000000  0.000000 -0.000000  0.000000 -0.000000  0.000000  0.000000 -0.000000 -0.117095
 m=           1
  0.000000  0.000000  0.000000  0.000000  0.000000  0.000000  0.000000  0.000000  0.000000
  0.000000  0.000000  0.000000  0.000000  0.000000  0.000000  0.000000  0.000000  0.000000
  0.000000  0.000000  0.000000  0.000000  0.000000  0.000000  0.000000  0.000000  0.000000
  0.000000  0.000000  0.000000  0.000000  0.000000  0.000000  0.000000  0.000000  0.000000
  0.000000  0.000000  0.000000  0.000000  0.000000  0.000000  0.000000  0.000000  0.000000
  0.000000  0.000000  0.000000  0.000000  0.000000  0.000000  0.000000  0.000000  0.000000
  0.000000  0.000000  0.000000  0.000000  0.000000  0.000000  0.000000  0.000000  0.000000
  0.000000  0.000000  0.000000  0.000000  0.000000  0.000000  0.000000  0.000000  0.000000
  0.000000  0.000000  0.000000  0.000000  0.000000  0.000000  0.000000  0.000000  0.000000
 m=           2
  0.000000  0.000000  0.000000  0.000000  0.000000  0.000000  0.000000  0.000000  0.000000
  0.000000  0.000000  0.000000  0.000000  0.000000  0.000000  0.000000  0.000000  0.000000
  0.000000  0.000000  0.000000  0.000000  0.000000  0.000000  0.000000  0.000000  0.000000
  0.000000  0.000000  0.000000  0.000000  0.000000  0.000000  0.000000  0.000000  0.000000
  0.000000  0.000000  0.000000  0.000000  0.000000  0.000000  0.000000  0.000000  0.000000
  0.000000  0.000000  0.000000  0.000000  0.000000  0.000000  0.000000  0.000000  0.000000
  0.000000  0.000000  0.000000  0.000000  0.000000  0.000000  0.000000  0.000000  0.000000
  0.000000  0.000000  0.000000  0.000000  0.000000  0.000000  0.000000  0.000000  0.000000
  0.000000  0.000000  0.000000  0.000000  0.000000  0.000000  0.000000  0.000000  0.000000
 m=           3
 -0.017805  0.000000  0.000000 -0.000000 -0.000000  0.000000  0.000000 -0.000000 -0.000000
  0.000000 -0.032913 -0.000000  0.000000  0.000000  0.000000  0.000000 -0.000000  0.000000
  0.000000 -0.000000 -0.032913  0.000000 -0.000000  0.000000  0.000000 -0.000000  0.000000
  0.000000  0.000000 -0.000000 -0.032913 -0.000000 -0.000000  0.000000 -0.000000  0.000000
  0.000000  0.000000 -0.000000 -0.000000 -0.118831 -0.000000  0.000000  0.000000 -0.000000
  0.000000  0.000000  0.000000 -0.000000 -0.000000 -0.118831 -0.000000  0.000000 -0.000000
 -0.000000  0.000000 -0.000000 -0.000000  0.000000 -0.000000 -0.118831 -0.000000 -0.000000
  0.000000 -0.000000 -0.000000 -0.000000 -0.000000  0.000000 -0.000000 -0.117095  0.000000
 -0.000000  0.000000 -0.000000  0.000000 -0.000000  0.000000  0.000000 -0.000000 -0.117095
