           1   18.000000000000000     
           2  0.74734001719942478     
           3  -13.616827844230045     
           4  0.29631230446460360     
           5   5.0397775879992883     
           6  -4.8068852384288308     
           7  0.16299608031117685     
           8   7.8488988093912742     
           9 -0.64636222376825214     
          10  -6.0032185218726895     
          11  0.55126292853883585     
          12   2.0518634024209357     
          13  -1.8475486275813076     
          14 -0.28319569133628858     
          15   2.2309891348028423     
          16  0.67405602671206877     
          17 -0.27482951808933398     
          18 -0.53426595917974429     
          19  -1.8241092933691023     
          20 -0.59633868286728409     
          21   1.8542558776086588     
          22  0.93927362997560859     
          23 -0.74133381118538355     
          24  -7.8079677892966978E-002
          25  0.47615608968553635     
          26 -0.45873335573688279     
          27  -1.1208093889714381     
          28  -6.4598556451959444E-002
          29   1.5265251179101091     
          30  0.61287980072684767     
          31  -1.4926934723733358     
          32 -0.27061095864554319     
          33   1.6270564852041425     
          34 -0.63216036184851765     
