  -4.4153139174227099E-002   7.9526278012232714     
  -6.1107405735334810E-002   8.5922593707674686     
  -9.4438581644213163E-002   9.7919767978755452     
 -0.14301161368162457        11.261057995230546     
 -0.20517240549846566        12.337482832995391     
 -0.27880414588306640        12.061442905953040     
 -0.36139939422816780        9.7588791962726873     
 -0.45014546841345915        5.9037603274898638     
 -0.54202022732174426        2.2359374092505502     
 -0.63389498623002960       0.40130212975490831     
 -0.72264106041532084       0.33059536305264620     
 -0.80523630876042229       0.55478412593215098     
 -0.87886804914502303       0.17032554515508369     
 -0.94102884096186412      -0.36864250124325293     
 -0.98960187299927549      -0.44313514000163751     
  -1.0229330489081538      -0.17035648417420179     
